0.5626170635223389
0.5070712566375732
1.875732183456421
0.4527859687805176
0.48197007179260254
0.498197078704834
0.46291518211364746
0.4577207565307617
0.4562549591064453
0.7249851226806641
4.0183539390563965
0.4466743469238281
6.317239999771118
0.5004270076751709
0.490006685256958
0.46903514862060547
0.45136213302612305
0.4644019603729248
0.45954394340515137
0.490494966506958
0.4547910690307617
0.48842692375183105
3.3233883380889893
0.4617898464202881
0.4516172409057617
0.45206713676452637
0.4560990333557129
0.45296216011047363
0.49438023567199707
3.018512725830078
1.8806321620941162
0.4473280906677246
0.4596891403198242
0.45891618728637695
0.45324087142944336
0.6842002868652344
5.266402721405029
0.5043058395385742
0.4961860179901123
0.49440789222717285
0.4612417221069336
0.49321770668029785
0.46006202697753906
1.0052831172943115
0.7942430973052979
4.026487827301025
0.5038280487060547
0.505439043045044
0.4582068920135498
0.45964479446411133
0.45925211906433105
0.4611368179321289
0.4636552333831787
0.46335387229919434
0.5003609657287598
0.49608898162841797
0.45119190216064453
0.45893287658691406
0.5013432502746582
0.4683079719543457
0.5031490325927734
0.5031452178955078
0.4611530303955078
0.45453310012817383
0.4604380130767822
0.5017528533935547
0.48873019218444824
0.45595526695251465
0.4653921127319336
0.45792293548583984
0.4549601078033447
0.4586319923400879
0.4556589126586914
0.46241092681884766
0.4648399353027344
0.45005369186401367
0.4566478729248047
0.46031618118286133
0.4586498737335205
0.45316290855407715
0.4855170249938965
0.4995908737182617
0.45793724060058594
0.4699828624725342
0.45583200454711914
0.4937460422515869
0.457089900970459
0.48492884635925293
0.45113086700439453
0.49894118309020996
0.5032451152801514
0.46339988708496094
0.46541786193847656
0.5013911724090576
0.46853089332580566
0.46401000022888184
0.46350598335266113
0.45917201042175293
0.4600048065185547
0.46450209617614746