0.16619205474853516
0.13388609886169434
0.13977408409118652
1.3325738906860352
0.26033711433410645
0.5322549343109131
2.1313538551330566
0.2655167579650879
0.19891786575317383
0.2672848701477051
0.13317298889160156
0.13245916366577148
0.13190698623657227
0.13490509986877441
0.13136005401611328
0.1298539638519287
0.19935011863708496
0.2325749397277832
0.13243389129638672
0.1344740390777588
0.13432788848876953
3.926539659500122
1.8979778289794922
0.13288307189941406
0.1312708854675293
4.589191913604736
0.13248682022094727
0.13142800331115723
0.12916183471679688
3.5939807891845703
0.1313631534576416
0.13208985328674316
0.13086295127868652
0.6631848812103271
0.13329601287841797
2.0607080459594727
5.962471961975098
2.4953410625457764
0.1355609893798828
0.1308879852294922
0.1310262680053711
0.13044381141662598
3.228383779525757
0.12978315353393555
0.13108086585998535
0.4631991386413574
3.095823049545288
0.13211989402770996
0.1316518783569336
0.13118696212768555
0.1286940574645996
0.13228082656860352
0.13040590286254883
0.12450098991394043
0.1306910514831543
0.13213491439819336
0.1293480396270752
0.13080692291259766
0.13118219375610352
0.12984490394592285
0.13027405738830566
0.13190913200378418
0.13039708137512207
0.1329340934753418
0.12983989715576172
0.13253307342529297
0.1321871280670166
7.261648893356323
0.23190903663635254
0.23117280006408691
4.4244842529296875
0.1303706169128418
0.13117384910583496
0.12970805168151855
0.13147425651550293
0.1313021183013916
0.1286168098449707
0.13176488876342773
0.12831616401672363
0.13057374954223633
0.1305389404296875
0.13461899757385254
0.12929701805114746
0.13196182250976562
0.13107872009277344
0.12981796264648438
0.13144207000732422
0.13109779357910156
0.5293660163879395
1.3280351161956787
0.2647740840911865
0.13235092163085938
0.12967228889465332
0.23047804832458496
0.22806692123413086
0.2297372817993164
0.12994694709777832
0.22419214248657227
0.7305440902709961
0.2338411808013916