310573200
174400100
93524200
96118000
96491300
94049800
99984500
94005400
96493700
95144600
95622300
94632300
94742400
94764600
94517900
91801200
95306500
96482600
92768700
91255000
90601300
92853100
91030700
90835900
92066600
92239300
91992300
90974600
90788500
90967100
92269700
93170900
90912500
89585600
89856200
90331100
91596200
91975100
91293200
91559000
94540900
92550200
91337900
104590800
112352100
99951100
97432400
93632200
93257800
94059300
106159900
95656900
98378500
96068100
91872000
91333700
92375900
95313400
95069400
96323800
92198500
89847300
91210100
91567900
93830400
92157300
91871900
91957100
92660300
93417200
92860700
100573200
100388200
99241200
99785000
99605600
98724800
95128700
92741600
92642400
92829100
92124700
92154000
91842600
93299100
92388500
92437400
92071000
91948700
92698000
91822400
89028600
90283200
89947800
90110200
90428300
91569000
92976500
91741000
89578000
