2760700
786000
668800
603200
596800
578900
572600
554500
537600
564800
479500
496500
493500
460800
447500
454200
535600
444900
435300
444700
404100
406700
384500
383300
382400
373700
355300
372900
376100
370800
386100
393800
356600
343200
347800
359600
346900
357700
324200
351600
325200
311300
323700
315600
334900
319400
318500
316400
345400
290800
277500
275300
293900
301700
276300
267000
265300
256700
268100
261300
258200
258100
258500
278300
262900
254800
258500
298700
257600
259200
248600
248700
247600
255400
251300
259400
250600
260700
258200
263600
270400
255900
265800
255700
263600
278900
275000
247200
239000
244200
241200
258000
254400
242300
246400
244900
246000
324600
242800
246200
253300
248600
250900
235500
233400
278000
238500
241200
230100
252000
228200
230000
229500
229400
272600
228000
225400
238200
221100
221800
221900
223800
220700
220500
219600
218500
252400
252400
215600
242300
218700
227700
210600
211600
213000
219400
219200
209100
214400
213000
206600
212800
212300
217600
209100
236400
223200
210300
233200
229500
234200
203800
201100
196100
201300
224500
213400
224300
195400
188200
186900
232700
195200
190200
184100
182600
177100
177600
182500
174600
185600
176300
181800
183300
191400
193400
177700
173400
183500
180700
180200
204900
185000
175200
174000
175500
179300
171400
172000
178100
170000
189800
171800
171800
176700
197500
170200
176400
180200
169900
167200
171500
167500
166900
180000
183800
189600
174900
168000
169400
166300
167000
165800
163200
162700
164400
163800
162200
214100
167700
172600
167700
172900
217100
185400
165700
171200
167600
165700
167700
168700
174800
170600
181200
179800
206100
169100
168800
177300
199300
259800
194900
174400
187900
176400
180300
181900
184200
179600
186700
176300
178500
169300
172700
199200
186000
173900
162200
169800
166700
167500
209600
175300
167300
192700
163400
158200
159500
156200
160000
164900
169700
167600
177300
186400
171000
155900
160000
156900
160600
162700
156900
157700
155600
158200
153700
153700
156800
155000
156600
158900
157200
158100
155500
1953400
182700
158700
140900
138200
134500
142200
150500
151500
155800
153600
150800
149800
149700
152100
150000
150500
148700
150300
147900
135100
135200
132400
131700
129200
139600
131100
158300
147100
158500
135900
133900
134000
132500
131700
132800
132700
149700
133400
130600
134600
131400
132900
135500
130600
128500
128600
133000
128800
128200
131000
127200
130100
129000
130100
128600
129800
132700
132000
140100
131700
131100
128900
126800
127800
127900
141100
131000
130500
128300
135800
135600
131300
135000
134400
158600
132600
129900
129600
135500
132100
129900
134500
141900
131100
131200
132500
131800
133600
155400
133200
137600
151800
137500
139700
132900
139600
131100
129800
128200
133200
130000
129200
130100
143600
149800
127900
142000
132000
132300
130200
127600
141500
129200
125300
125100
128500
128700
125200
136000
128500
139100
126100
125600
124000
123200
126900
124300
124100
123000
133300
126200
123500
123300
126800
124200
125400
125400
125600
123300
123000
126500
123700
125100
125500
126100
125200
123100
121500
122100
124900
128800
124800
123000
122800
122500
121900
122400
153500
157800
128900
126600
130900
125300
134400
138600
130600
126300
128300
126600
127200
127900
124600
130500
126800
124300
125200
125200
122800
125800
122500
126700
133100
125000
125200
125500
123400
124200
126800
127100
123400
122700
123700
129800
124900
124000
125900
125600
122300
122800
124900
124100
125400
123200
128100
126400
123100
123200
123600
125600
157800
142200
145200
137500
174400
168000
145100
146100
141600
137800
140300
131400
129000
126100
127800
130200
125900
139700
128900
125300
125000
126100
123700
137700
126000
127600
127800
135300
136000
134000
124400
126700
126400
125300
133600
123900
125200
123600
123100
124200
122300
122700
125200
122000
126900
126000
123800
124400
122000
123300
124600
122200
125200
126700
123100
124100
129200
125300
123500
133300
124900
123300
122300
124800
169500
211000
249600
204200
193400
184000
183700
190000
286300
140800
130800
127700
132300
125600
139100
124800
127500
125300
123600
128400
124000
122300
123600
127500
122900
126700
125200
126300
129800
126700
124000
122500
122700
129900
122600
121600
121400
126200
126100
123200
122000
124800
128500
122000
127000
124800
122400
132900
122800
124500
123700
126100
121800
125500
123800
129100
124900
123000
126000
122800
126100
125800
124800
122800
149400
161500
147300
144600
146600
148700
194700
166300
168500
180200
156900
156300
172000
160700
142500
140100
139400
153600
157900
143800
154500
139100
143200
142200
139300
145900
145400
139700
142000
139300
136600
136800
137100
140600
147300
139100
142500
145500
137500
144200
198800
151700
149200
146300
153400
146800
146000
144500
142300
165300
149600
147000
146500
137600
138800
141100
148900
140100
138400
139500
139200
141400
139500
138000
135800
146600
138800
138200
134400
134900
136600
139100
138600
137400
137900
138500
138400
143500
138700
136600
138200
135900
136700
135700
136000
135400
138900
139900
717300
214000
193100
181600
180100
180000
178400
183800
178900
177600
177500
188100
183600
178100
176700
181700
177200
175700
177400
178900
188300
208000
185800
184400
178500
179900
176800
174700
179000
178700
178600
192100
184300
179000
179700
179500
177300
177400
179800
177900
175600
180400
178600
179900
196500
198600
181400
178900
184800
182200
184000
193700
247000
198000
192300
184700
181800
179500
178100
179600
188200
179100
187100
179500
178000
179400
177600
182100
178400
181200
179200
175700
171900
178800
176000
172800
175000
174900
177700
182400
180200
186700
182300
184300
186300
181400
176700
177900
176200
177800
178100
180100
183400
191000
194600
182300
180500
175600
174900
181300
180800
180200
178900
180200
188600
189000
212600
184200
188400
196000
192100
213800
186500
181200
177900
185100
187100
178800
178200
176800
176800
178600
174000
175400
176600
1636000
208100
174100
164600
201500
196600
166100
165100
162900
163100
165000
162200
286000
215000
169300
170400
166600
160800
166400
161900
165900
164800
163400
175700
161100
212600
163000
161900
160100
159700
158300
172800
162600
156700
160500
157200
157800
157000
160800
157800
159900
158500
156700
156900
162100
156800
162600
158000
160200
157200
158200
157900
158500
157200
160300
164800
165900
161000
157800
159300
159500
157900
169800
157300
160600
156700
157600
158300
159900
164000
169600
158700
155700
156300
158700
162100
156500
162100
156700
159300
157200
158700
155500
159900
156700
157300
155900
158500
158300
155900
160000
156100
156200
171100
157300
158100
157400
155800
158000
155800
157500
157500
158000
155500
155300
157600
189500
167100
165900
161900
159100
157800
162100
157600
236000
195100
196500
128000
120700
126300
123200
119400
118000
191700
129600
119000
115800
115900
116600
118600
117700
114200
113500
125900
116700
117400
137500
118600
114400
115000
117800
118400
117100
115400
113300
113600
116700
115100
114600
113800
116300
113400
111600
112500
111900
