3508900
1214700
1032300
930500
884500
962400
831200
1097600
837400
849900
709300
738900
675200
630300
627300
617500
593800
614900
594900
556000
585600
475400
463700
457000
449300
445300
436500
486300
413400
423600
413400
421700
429500
425700
409600
404500
427200
541200
506700
412000
398600
392400
381900
389700
371400
464300
519100
533000
564200
559900
569100
618000
563000
556700
385800
371600
476300
377200
353800
337100
348600
334900
335800
330400
334000
339600
328100
327500
331500
319800
317700
320000
315700
334100
318200
319100
354900
368900
343500
328200
317800
319400
337500
312200
311100
340100
321500
315600
312200
315000
312000
324900
314200
319700
333100
310600
314400
327600
328100
318000
332900
329700
312600
325600
309000
307500
324000
292600
301300
309100
300200
283800
283900
277900
264400
268600
311200
296300
315700
278100
270700
270600
267300
274800
281200
292500
294800
395700
281400
278700
262700
257200
263100
275700
295500
263700
505900
269200
257500
251100
249100
269300
250600
246700
247800
296600
252100
255400
250800
273200
245400
253500
243700
241100
337400
273400
242700
240500
241900
242200
239500
236500
242700
270200
247000
241200
243800
247800
1910300
258200
223600
214000
527300
259300
267300
248900
247500
245300
274100
237100
208300
206000
233100
225200
237500
231100
213300
215300
302200
284100
272000
241000
228100
216000
231900
204800
222900
213400
197100
458300
217300
207400
205500
224300
218700
205100
196700
217700
214700
200600
200400
194300
198300
195900
191200
192700
188400
191900
193800
200500
196000
189400
189800
191300
189300
191400
193800
190700
193900
192000
195600
192200
188700
189400
194100
199700
200600
209400
201900
202100
203700
196200
207200
193500
197000
193700
189000
190700
189700
188500
191700
189500
193600
195200
196000
196500
207000
207400
202700
196000
193400
216200
206500
188100
197900
195400
190600
202200
194500
185300
193900
187600
185600
184700
181500
180800
187000
189200
184100
187000
183600
182900
185900
183900
180800
180800
182600
193000
190500
182700
182000
183100
187900
185800
183100
182500
187400
187500
186300
181400
186600
187700
184400
194900
184500
187900
183800
182600
182900
180700
182300
189200
185700
185800
183200
184600
186100
189800
187200
189000
183000
181600
189600
190300
184800
190500
192900
185500
187700
188900
189900
186400
184400
189100
193200
190900
184900
184400
185100
195100
185600
184600
183500
186300
205900
195300
188300
189800
189800
187700
187300
187200
189100
185400
183900
184000
236700
236300
233900
229500
229500
223800
226200
226400
226000
227700
219900
216400
237200
273000
237800
224200
223300
243200
216900
224900
254700
228300
224700
216100
227800
220300
246700
254400
220600
249900
222000
209400
216000
211300
226500
208000
208800
204400
217100
207900
210900
210500
203500
205700
206100
205600
207200
217300
208600
205600
208700
213900
223000
247100
214100
207600
206200
208200
209400
238400
219700
212500
214100
259700
264300
234600
219200
217400
231600
215900
215600
211800
213300
217000
207000
214600
214900
218800
217400
220900
215700
217300
225800
207800
213500
255300
220000
211300
206000
208700
206900
211700
211700
215800
204800
220500
215400
211400
206600
214700
205800
216900
215500
216000
207500
204000
208500
206900
207500
211700
207400
209100
207800
206600
205900
204000
204300
207300
210600
1538300
257600
184100
180800
178400
174000
177800
207900
630400
325300
319300
309100
281800
266100
256600
258700
268000
256000
264900
251500
251000
261500
254300
255200
254500
253500
253800
252500
249700
249300
252300
301700
255500
274600
275500
253600
258200
258900
251300
248700
257100
249500
261700
256500
247200
249900
256400
257100
249900
255800
254900
251100
271300
252900
248600
248400
246400
247000
247900
264800
257700
256200
251900
245400
245800
265000
256800
246200
245700
255700
244100
245600
247300
250300
287600
263900
258700
257600
251000
254000
250800
249100
243400
244000
248400
247900
258400
245400
246600
244300
243300
244000
250400
251700
252300
251100
251800
248200
245400
248100
255500
247000
246000
256500
251000
249300
245200
247200
247800
245900
246600
258900
251400
245600
249800
247300
245100
245800
242800
245900
257900
244900
242900
246200
262400
245000
245900
244400
371200
292700
252600
265400
256600
251400
251500
252000
246500
270200
274400
256800
268200
248600
244500
247200
243400
246900
241900
248200
245900
251000
242300
239400
240500
241500
256200
243100
241100
238700
243200
275600
250000
242800
249100
242100
253100
246900
244600
245800
251900
248700
250500
250800
240900
239100
245300
243800
240400
238000
242300
239200
237900
240000
241500
238500
235400
236600
235600
236700
248000
268100
275000
289900
259000
251200
276400
253300
263100
225000
202500
207000
239100
209900
198200
200700
191500
209200
192400
196700
206600
167600
158700
159000
158300
167400
158100
160600
157700
156400
159000
174900
168600
163000
168800
168600
158400
172500
159100
157500
174000
162100
160900
162200
161100
182000
164800
160100
154700
159300
154500
168100
159300
156700
155600
157200
159200
157000
153700
153400
159100
153600
170600
159300
156300
155300
155900
152800
162500
154700
159900
154900
155600
209700
193200
163200
145000
147200
144900
143600
145300
143500
144800
143600
145200
143700
156600
146600
143000
142700
142700
143500
142200
155500
168200
191400
231300
168300
156700
155500
166900
152300
151800
149800
156100
152200
152600
152200
150600
151700
148900
150400
152200
153700
149900
147700
147700
146700
149600
151600
160500
157700
152200
148200
147000
154300
165500
156400
151400
146900
149900
149700
148700
147400
146800
155800
150300
148400
149600
179900
179200
181000
179800
178800
177200
178200
173500
173400
178300
178200
176400
173400
182400
180600
175400
182100
180300
201800
179800
178700
177700
175400
174800
176800
174200
175000
185000
177000
174500
176400
176700
176100
175600
174100
183600
178000
174800
178500
179900
178500
179100
174300
175700
178300
180000
176900
176200
173800
189800
180400
182300
185300
189400
182000
182600
176000
176500
179100
180300
182500
179100
181500
186300
180200
176200
195100
180000
176800
181600
180100
192400
177000
180100
185700
186900
192600
198000
195700
181700
189000
191100
182100
186400
178500
182300
183800
176900
180100
183300
181300
182900
184700
182100
180600
179800
180700
179900
179200
176000
185500
184700
177800
177200
172200
176800
184900
174800
181700
194200
182100
181200
187600
184300
188300
185200
178000
173900
177100
176700
173800
176000
174300
174300
183900
178100
174100
173800
176200
174400
173500
172100
173600
180200
172100
174200
207600
256800
259700
253500
261400
259100
274800
269400
252200
186800
187000
185300
185400
185200
184200
186700
175600
176100
172800
176400
175800
176200
171400
171100
187100
171900
170300
176300
170700
172600
170900
169400
170300
182900
171600
175700
174500
178000
173600
172000
185200
191300
180800
176700
177200
177900
172600
174800
171300
194100
214600
193200
174000
171400
171300
182000
176300
183400
174000
191500
175200
174600
