46172100
37548200
37668800
36496200
36876700
32597700
29309800
29080900
30758000
31559000
29906700
26088900
12399600
12375800
12383800
12387400
12139200
11788200
12353000
11916100
11831300
11771600
11943100
12210000
12437900
11924900
12010100
12020000
12247400
12010200
13826800
14503200
12118700
12129000
12072500
12242400
12111600
12088000
12065000
12179600
12101300
11600600
11504300
11586900
11544300
11894200
12673200
11611900
11742500
11600300
12288200
12801700
11759000
13303400
15007600
11950500
13680700
12830800
13032900
12983200
12664300
12721000
12659100
12688000
12457600
12235500
12233800
12834500
12319500
12253300
12721900
14163000
12311600
12210700
12188600
12263400
12128100
12242600
12177900
12448800
12762400
12261100
12602000
13026400
15167900
13813100
12863000
13876200
13744200
12955400
12675900
12822400
12857900
12588300
12593500
12484700
12582800
12668300
12486200
12449800
