10900200
5430100
5176600
3228700
2904900
2927500
2908800
2891800
2858200
2881100
2760700
2740300
2735500
2803300
2797700
2746200
2787000
2760000
2764900
2816300
2801200
2743100
2740200
2804400
2730300
2931000
2828600
2764900
2740000
2725800
2759900
2841300
2803200
2761700
2750000
2781700
2774600
2758600
2770400
2738100
2719200
3823300
3216500
3150500
2668400
2957900
2967200
3215700
3067600
3001900
2733100
2764700
4534200
2746100
2906100
2654800
2709500
2854700
2610100
2632700
2723900
2813600
2654400
2623000
2582500
2601100
3002900
2643700
2563800
2719300
2555600
2551000
3115400
2664800
2602500
2640300
2617400
2611000
2752100
2814400
2648600
2654200
2672000
2601100
2683300
2624800
2655500
2623400
2644800
2627400
2644100
2651000
2659400
2335900
1327500
1309500
1262600
1262900
1251900
1314500
