4574500
1545700
1344500
1215500
1192700
1135700
1001800
958200
923900
933800
875700
847800
865200
815300
834100
781500
717300
637500
565800
573500
566300
587700
577800
583700
632700
565600
554800
525800
540700
526200
521400
537800
523500
509800
490000
520600
469000
506700
489400
529000
545500
455300
505400
458500
485900
461700
487700
436100
452400
451900
434700
436800
433700
441500
411400
455700
454100
404600
411900
410000
409100
406300
566500
415500
396600
398400
396700
406700
397700
418200
398000
402800
392900
392800
408300
428900
417000
398800
398400
401800
396300
404700
390900
387800
387300
396300
396300
677000
403100
388900
386800
385500
389900
384000
417200
388100
395500
403800
386300
398100
433500
444400
376400
373500
389400
370000
316000
349700
327600
314900
324400
323900
326200
383400
338200
320800
330100
365800
351900
377000
341900
341100
337500
333100
344800
379600
342100
2134300
331300
270200
336700
498600
587200
347500
293600
276800
255200
252700
455800
279600
259700
257200
293700
261100
254800
248700
247600
247500
246900
245700
247300
245600
254100
250300
245900
246300
266100
250200
246500
245400
252300
248100
244800
245200
251600
259900
252800
253400
253200
252400
271800
249400
257800
253600
262700
252300
295100
249000
254500
249400
247600
244500
275900
249300
247600
246100
288000
289500
407700
252700
249800
269400
297700
252000
278000
247200
262000
265300
269200
242800
240700
254500
240000
241500
235600
232900
238600
235900
234100
243200
233700
233100
230600
231300
248900
231600
231000
231200
237300
234300
228300
228500
231600
250100
229200
227800
234600
239400
228000
227400
230900
233200
234600
235700
233400
246100
237400
231600
246500
247500
240500
269700
234600
234100
227900
230300
232900
226100
259600
237100
228800
228100
229600
264600
235200
255100
252800
245700
226400
220300
216900
217700
219700
222800
217200
230300
263800
263900
271100
258400
264500
267500
260100
264800
268100
267100
269700
278000
258100
269000
253900
259900
258600
256400
255400
262000
253700
248900
252100
252300
251700
254700
270100
258200
262900
254600
269900
267900
260200
270700
261700
258200
252000
255500
255900
264300
260300
276500
292900
258900
255600
253400
256800
259000
260500
255200
254900
258700
265100
266400
256800
265100
286200
266300
271700
290800
278900
271700
264400
259700
281000
261800
263800
257600
256100
258200
252600
262100
258800
251700
254900
253300
250600
259900
254000
248300
250200
253100
251600
258100
253600
250900
254600
251200
252700
274100
1581000
356300
234100
218600
215800
214100
222300
227400
213600
223700
219900
239700
229900
252900
220100
219500
209300
208800
210100
209500
210800
209500
236400
233300
216900
214100
257400
241100
216000
218100
208200
227000
212400
224500
216700
207200
205700
209500
205300
208200
216300
206900
206400
206000
204300
213000
205300
208100
206400
203900
205900
206200
206800
202400
200500
204900
207400
208500
216000
208000
208100
206600
205600
374000
372900
339200
369300
553400
359100
382400
354400
345100
387200
328700
326700
331300
331700
329900
331900
325400
323800
317500
321200
317300
335600
321900
321200
319600
322200
324800
320800
339800
323900
323100
320400
322200
319000
333600
321600
324200
321300
321600
317400
322500
320400
319500
318400
316600
318200
320200
332400
321000
330200
338800
327700
326200
354800
339700
330200
334000
347000
329500
336700
352900
322500
326000
336000
326000
322800
328200
320400
320400
319400
318700
321300
321600
329700
322800
328700
322300
327500
330000
355900
359600
356600
361200
359000
356900
358700
333900
321700
320100
327700
321800
319200
349700
341900
338500
328100
328500
318700
339400
320800
329300
320900
332900
375200
340200
344200
333600
327200
317800
317000
315800
323100
321500
318200
318000
319500
319000
316300
321200
354100
361400
309200
305800
303100
313700
304100
301200
300200
316200
306400
312100
312400
318000
299300
300800
298700
223600
187500
193500
185000
182700
184100
189100
188400
186500
181800
180100
180700
179400
182800
182200
189800
183500
183500
184300
182100
179100
182200
181900
181700
183500
181800
179800
186400
191600
284800
280500
209800
192000
188500
186600
186400
184800
182500
193600
192300
204800
241200
252800
237500
237800
219400
226300
217300
223800
219400
219200
225300
226500
222500
217100
224600
219800
220700
221800
221500
220200
218500
215300
213300
216600
217500
214700
214200
231600
219900
219500
216600
216100
215400
238800
216700
215700
218800
216800
218000
216300
224400
217800
217000
228900
222900
225100
232300
221400
217200
218100
217200
219400
216600
225100
212400
222800
215900
214200
215900
230500
242700
229100
302300
373400
296200
240800
242800
248700
219500
220700
229700
235600
223600
237200
228400
240600
233500
225700
227600
235100
246000
227900
230700
224500
219800
213300
226100
219200
221100
216400
230800
215400
229800
247500
226200
225100
221600
219300
216200
215400
216100
215600
215100
217100
210800
215400
231800
220000
217800
214200
217500
216700
217200
215800
214700
216600
216100
215900
213200
217200
222800
213400
214000
212200
224700
213300
217200
215300
213400
216100
214100
210700
211600
226600
226300
311400
336500
244300
224400
227600
218100
219300
216000
217100
217500
214200
230000
219000
217300
214300
214400
215500
219600
216900
223800
219700
219000
218700
257700
262900
238100
220900
219900
240100
227500
223600
231800
246100
220300
228000
220800
232600
243200
232000
232600
233700
231400
225400
226700
228200
228300
226100
215200
221200
216000
233900
299600
264900
235700
238500
225600
219600
222300
235500
220100
218200
216900
218800
234300
222400
219400
217500
219000
218500
217900
228500
230000
231400
226200
219900
224900
221800
236500
221900
216200
284100
223500
219200
218300
220800
217400
219300
220000
218200
218300
225100
218800
215600
222700
217000
222300
223100
215700
237400
223800
214900
217600
215700
251200
222700
229800
222500
223400
261200
238900
228100
228200
251000
228600
231500
229400
231200
226300
227300
234200
234500
231400
230900
233200
236100
221000
227100
220900
223000
230700
223300
213700
216000
216500
217100
216400
227000
221800
213900
223100
219300
220300
216200
233300
236300
234300
247800
221400
218800
220100
225700
216600
222000
211500
214100
211500
225600
211200
213900
229900
216300
213500
215000
226000
208300
210300
209900
207200
210100
218700
211900
207400
208600
209100
204500
204800
211400
206900
209200
207700
207400
206300
217400
212700
220700
210900
209300
210700
208200
215500
222700
219200
212400
211800
205500
215000
266900
211300
210000
212800
274600
211600
212800
206500
208600
217500
213800
234200
217500
247900
222400
222000
214800
217900
233300
223300
227800
219200
224800
274200
281300
249700
323500
269200
231800
365200
238200
261300
209200
200400
205800
205500
201000
197600
202500
210200
194300
195300
213300
219700
202900
196400
207200
195100
202700
203600
190400
194400
202500
194700
198600
192500
204600
195000
197200
196800
193300
191300
196000
196000
198700
203500
195000
192000
284500
215900
309500
198600
201100
