16787400
4233100
3785600
3322800
2721600
2777700
2589800
2566100
2383100
2358200
2069300
2168000
2008300
2022100
1968900
1625900
1289700
1365800
1215700
1331800
1161600
1112400
1082200
1104800
1065500
1086000
1046200
1015500
1156700
1057300
1015300
1009500
990900
983300
948100
984300
965300
949900
1005400
947300
1101200
1312900
1149200
1402100
1268900
1171600
1034900
970400
975700
959900
970600
933100
939300
951300
1026400
1028000
962000
961100
914900
946100
3739300
940200
949500
930500
807000
812800
818000
866200
1399300
854100
796400
800600
792100
791900
798800
785200
791700
792000
799400
788300
818500
792400
796600
796600
808400
833100
806600
923000
928400
809700
825200
850600
518200
493700
504200
476100
529300
502900
473700
477000
459400
536800
481000
463800
463900
469800
463600
465200
484500
464000
472900
470400
469200
630700
497400
447200
594900
477000
439100
441400
444600
440700
1260400
555300
536100
534500
544600
554300
547500
528400
554500
525000
517000
516900
515200
531000
563600
574000
525000
510500
522900
559400
516000
545300
584100
572200
583500
637600
586400
579000
596800
588700
583300
580300
604300
593700
601500
602400
589600
585000
573000
638500
596300
574500
594400
601500
623800
607200
594000
589500
669600
612000
594300
597100
634300
605700
597200
563700
583400
621900
602300
571200
602200
568800
609400
544300
556400
570200
430900
429900
431800
484200
487000
490600
524300
427900
430900
584000
547200
444100
460100
443500
434000
476400
429100
441500
456600
456800
437100
448000
2348900
393900
406400
386500
449600
396600
468700
384600
346800
570900
441900
377400
423700
447600
345800
435000
463300
454600
607300
410500
406400
385100
416300
392100
415100
371500
369600
358600
341200
350500
355400
367600
361900
367700
355300
368800
407000
456400
373200
370700
379000
366100
383300
373700
387100
390900
367100
385600
373700
353300
355400
351700
368500
364300
378600
388400
375400
354700
351900
354100
357700
386900
363800
361900
383300
351600
380100
356000
358200
383500
374600
352600
351700
349300
349800
351000
382400
349700
346000
351900
364100
345200
353500
402200
400500
358700
345900
352900
349200
355200
350400
341000
350500
348200
349000
344400
344900
377700
364200
389500
348700
356400
362300
515900
487200
418300
415000
414700
459600
339500
361700
339600
389000
335800
331800
347800
340100
346400
336500
344500
336400
348800
344500
367200
356300
340300
355100
341900
335700
341500
364200
336200
336100
333900
357800
344000
351800
339700
393400
336100
341200
333100
329500
340000
338700
363900
374600
337700
350000
341600
338400
332300
352000
333400
331300
380400
382300
355200
392200
333700
336200
348600
331900
330900
353800
332400
373700
353300
353300
351600
365100
336100
395300
384100
431800
421900
422400
401300
461400
425400
424000
419900
411300
422700
422600
398400
386900
432300
438900
436100
463900
433600
430700
444200
429800
387700
388800
392100
386200
417300
393700
397000
533100
400900
394000
409600
404700
393600
390200
390000
392300
398700
389000
384700
391300
387000
401300
396000
389900
387900
401400
392400
392800
387200
428100
416800
402100
391200
387700
389800
399600
392300
385500
385100
390300
384600
388100
382400
404100
398700
399300
390800
387100
402700
391900
388900
398200
402300
405900
387300
440200
436400
488700
455000
444400
512900
393500
387700
404400
392500
387500
391800
391800
357200
356300
392700
424200
393900
373500
368200
369800
363200
387500
382000
380200
374200
379700
389200
422100
410800
422200
426000
423900
393800
388800
389400
433800
386100
379300
399400
408400
381600
375700
464800
669900
464200
432800
404600
392700
400500
384300
411700
405800
399700
398300
461900
394300
396900
409200
414900
408500
389200
385700
416800
411500
416200
384500
383200
384500
388800
384000
383400
384200
395200
384800
387200
389600
381900
394800
382600
413300
404400
407300
412900
393000
427000
403000
462600
444000
409700
393300
401500
418200
398100
397600
386300
388700
393600
385800
385500
390600
394300
400000
386200
412300
406700
397800
385800
380200
379300
383900
407400
390200
384600
383200
386100
389200
440300
420600
396400
412300
402700
415600
416300
416400
417400
411500
412900
403100
409600
420000
410900
419900
408700
448600
392300
464800
413900
448800
471800
442200
456500
467200
444400
415100
417700
437800
418900
410300
423800
406700
401600
407000
408600
417800
401400
397200
399400
413300
405600
402500
401600
426200
408100
413500
404800
405700
427800
441700
409800
407200
406900
403900
396100
403300
403300
408200
417600
405600
406300
422500
415600
400700
410100
408600
400800
425000
402000
412800
428900
426500
433300
411200
477600
435300
460200
445200
427200
415000
412300
413800
412500
409000
398000
422700
410300
403900
412600
386200
384000
420300
402300
410400
386500
398400
383900
379400
381500
380100
387800
409500
404300
403400
401400
414400
403800
421300
404300
435100
417400
404700
437500
399100
411300
399900
402700
420100
414300
404200
415800
399700
401700
407300
398500
386100
385700
394700
421200
408500
423400
430100
447300
454800
433000
423500
429200
423700
426100
412200
418000
418500
433600
409800
398800
406100
401200
401900
440300
413100
405500
401000
448900
424800
424300
420800
421500
471200
419500
438100
434200
448900
432400
437300
403000
428000
438000
447000
442000
446300
469100
468100
449900
455800
454200
458000
449900
426500
425800
415500
450800
416600
421800
417500
427400
421300
422400
420100
446700
484300
425200
416200
417100
422300
427300
417900
446200
446700
448000
429000
416700
420400
421200
425800
416700
423000
419900
421500
431800
424700
437200
430400
421100
431300
443900
439700
442400
451300
455700
456600
450600
463100
442500
451000
433500
424900
446200
467100
440000
424300
424500
435700
428400
420500
422600
419500
433100
420600
423200
420700
417600
427800
423700
416400
424400
432900
419200
413900
422300
428000
429500
422100
420000
420200
441200
484500
438100
420700
422200
421600
423300
417200
430400
419400
442400
423100
415500
418000
424000
433700
422000
416700
414400
440300
457100
439400
435000
418500
468600
461600
455400
443700
429800
454300
441200
439900
439400
451900
428200
434200
447700
441900
463700
421800
425000
456700
422400
407000
413600
414000
412000
407700
409600
408400
421100
406700
409500
401800
413100
400900
405400
409400
403500
400400
453600
424900
421300
414200
410600
414600
455800
459200
424200
412100
454700
522300
694500
471400
545300
455800
2382800
435000
363000
350200
350000
346600
341200
337500
338700
348900
342100
341600
344900
456200
446500
405700
337500
332900
372300
356300
358200
334900
542900
564600
577500
534600
535700
535200
549000
527500
543500
535500
534500
567200
519900
519800
537000
548200
495400
479500
501100
497600
504800
513400
536800
502800
535500
371200
347500
342200
350900
326400
316000
314900
321800
314900
343400
330300
328900
370400
336800
337100
329900
331100
330700
327300
410900
377000
336200
321600
322700
314800
322100
313800
341300
350200
337100
330300
337300
326600
328000
335000
358100
328800
339300
329800
329600
335900
331100
336800
334500
