31002800
12100800
14576800
9832300
6760900
7947400
8332300
4131800
4770000
5752800
4213100
4215900
4291700
4341800
3593200
3772000
3763700
4316800
4777600
1836600
1792000
1771700
1773800
1760800
1754900
1658900
2094500
1558600
1559600
1554400
1982600
2136900
2506000
2460100
2568000
2446600
2408600
2347900
2394000
2496600
2486900
2297900
2284200
2613800
2428500
2362600
2433300
3630700
2442500
3003300
2434100
3258600
3893000
2686600
2447300
2505200
2334900
2281900
2197400
2290000
2527100
2259500
2276100
2204200
2383600
2338300
2268700
2272300
2190300
4041100
1255200
1247600
1242400
1236100
1223700
1262100
1532100
1275700
1214900
1186900
1237200
1233100
1243800
1683000
1216700
1213500
1215500
1217200
1233400
1232700
1209400
1220500
1221400
1224100
1226900
1215600
1219600
1227500
1213900
1228700
