10638600
1659100
1686700
1233300
1142700
1265800
1223300
945500
993600
960100
1018400
958200
861100
847000
856000
787400
721300
696200
669800
655600
681800
686100
654900
636300
799600
672200
627400
614200
660000
691500
627200
750300
591700
579700
724100
945700
824000
597200
775100
892300
809700
585200
529200
474100
479900
568800
503300
493100
501000
480900
454500
444200
477200
470600
504100
415900
447500
415000
412000
375700
374900
374700
364800
403100
375100
370400
369600
372400
441300
363200
348100
347900
360500
349000
369200
361700
336800
327500
348800
345900
363200
328800
324000
345000
344500
338800
319300
317900
315300
315200
317800
341300
329100
320100
345200
342500
450600
336200
316900
392800
314500
320500
319500
342700
318200
334500
345700
389200
514300
482400
345400
433800
356000
338500
368300
345600
321900
324900
325200
326100
322800
317600
324100
357600
323900
316600
322200
337800
316000
324100
318900
317100
321200
322800
501400
319000
308700
317800
312500
469800
337500
400700
462000
434700
452200
332400
299800
345100
319000
384000
511600
542100
617400
690800
430900
342300
306500
329500
346600
309100
306300
355100
438800
531400
501300
459800
450800
480100
511400
353400
396300
349100
333700
323400
361700
337800
302600
304400
306500
307800
300600
295900
289400
288900
304300
293200
288700
295000
409700
320600
369000
316500
296100
295500
292200
287200
282000
301600
287700
278700
307100
284000
323600
291700
288400
273700
280200
282300
290300
267100
271400
273700
271100
276500
333700
281600
269700
282400
270000
266800
306900
334400
275100
301200
267400
260500
264100
310400
265400
260800
269000
261700
263900
273600
272100
271100
279100
271100
259300
259900
393600
570700
354700
323900
291400
329900
546600
412900
354300
278900
435700
489800
297400
273400
281000
291400
290100
277900
273400
291200
298400
325400
328600
275700
329300
369700
334300
299200
335200
384500
293200
262700
314300
295000
297200
256300
249100
248800
297200
262100
246000
254800
267100
251200
340700
409300
258000
266500
2936900
334800
233000
222000
224200
259600
214600
323900
301500
250000
244000
251700
349000
309500
248400
265900
242100
238400
242700
269100
265000
223400
216300
219800
215300
214700
212400
209800
261300
222400
223900
223100
255200
218800
254300
213700
312400
220200
232400
221900
232300
222200
223300
220800
291000
227400
222000
221100
221500
237000
272400
326900
463600
369600
349500
358100
347900
351000
347700
361900
392600
331000
230900
229400
228100
219000
219400
217800
263300
224900
242400
222000
216300
218000
220200
219600
255700
220300
262300
225300
239100
226800
241100
228800
294500
259000
229400
223800
266200
248800
234000
226300
272500
257700
272800
252700
222000
220000
221300
259800
242400
236000
215100
210200
222000
216000
217500
220700
249800
218100
217700
216800
222900
213200
211400
242100
219900
250100
215100
223200
208800
212700
210300
207600
242600
214400
216500
209900
213000
209100
209700
245500
212700
209200
205700
207000
214300
210600
210600
208100
205800
247300
206800
208500
212700
207400
211000
249700
213200
209700
210700
210000
208500
208600
208300
208800
204400
249300
206400
212100
207900
209700
204000
245800
208000
211400
357200
271100
269900
253400
266700
259800
242300
280200
247500
245500
254500
273600
290000
283500
245900
250300
255600
245100
251300
246000
251400
241100
237700
316800
244700
241200
239500
235400
241300
236500
239100
236500
238300
234300
237400
238200
238800
242900
238800
285900
241700
236800
238200
237200
238000
253700
244600
239200
272300
244900
273000
266900
250400
237500
251100
286000
244000
270400
257500
240400
251800
275300
242400
232700
230700
251100
243600
235000
249800
235400
237900
273900
234800
236500
237400
230500
232200
229700
229000
249600
234000
232200
230800
229100
235800
232800
235700
559700
274100
263900
251700
239800
240700
242600
242100
237600
275400
272800
251000
244600
243000
246800
240600
277600
241200
241900
237200
235500
239900
239000
241600
236700
238200
239400
235300
239700
236400
231500
234700
238700
281600
243600
237700
240400
235600
236500
234200
248900
237300
236700
241600
234900
240100
238200
237400
237400
274500
244100
237000
238100
249700
240100
232600
244400
270300
319100
249000
240800
243900
243100
237700
242400
295500
251000
244900
243100
304000
288200
281300
282200
279900
278700
292900
281800
280900
283700
284400
277400
324100
279000
290600
282200
278600
289800
305800
278600
278600
282000
274600
279900
288200
283600
287900
288000
342800
300600
251500
246000
245600
246300
239400
245200
241200
232300
240600
232700
245200
247300
242200
243200
281200
247600
293100
247600
242100
291800
250100
243400
260600
255700
245800
245300
246100
252500
239100
248100
234900
234600
235300
225700
229700
231200
252900
245600
239700
256200
233800
236300
233800
236800
230000
228000
232000
229100
230100
227800
235300
232600
233800
230900
238300
236400
229900
231800
242000
229400
226200
227300
224700
231200
226800
260500
227800
228100
224700
236100
227400
226800
233300
228100
233400
223800
226800
225100
230700
239000
230800
230300
227600
231000
227800
252400
238700
239400
301800
237900
234800
228900
226900
223900
231000
230500
229000
223500
237800
229400
245600
221100
227800
222400
216100
219300
245400
223900
229400
226000
217000
218300
214800
217300
220200
236400
229500
232600
229600
226600
235900
225900
225200
247000
224000
220500
219800
220200
232800
222600
223400
218000
215700
214900
225300
218900
232700
215200
224200
215100
220700
214100
223300
289300
265200
242900
227800
236400
224100
229100
219500
224100
216000
218300
217500
231900
223000
230300
224900
233700
330600
332500
384500
371900
382400
322000
235100
230100
226000
232600
223500
226100
221200
219900
213500
226200
2077700
365000
195500
180100
183300
201800
171200
174300
169700
171600
166500
169100
164600
167000
163400
171000
163300
173300
164800
180500
172200
169900
165400
166400
167700
165900
167100
165300
172100
166700
170800
165200
160200
161300
161100
159800
162800
164200
160000
209500
175700
172700
161600
160300
166800
166400
161100
165600
177700
166600
160700
158500
163600
160100
161600
157900
159100
157300
157600
184000
162400
161200
158000
158300
157800
160200
158200
161900
162100
158600
156700
158300
159400
157200
167900
157400
157000
158300
161200
158900
176700
161200
157500
155800
155900
175700
161300
160900
159300
171200
186600
166800
171000
164100
161800
160700
162800
159800
157600
156300
156400
156400
158900
156000
160300
172100
159500
162000
161800
161900
158900
159100
159300
156900
157000
160600
158500
157000
168500
158800
157200
156900
160500
157300
156500
156900
156100
156300
155200
155100
185900
161600
158500
165400
157900
159000
160500
162800
161300
156400
159000
156700
159000
156400
157600
156000
157500
158700
165400
158700
158400
155400
161700
156300
155900
156600
155300
172200
156100
162000
158200
164000
159000
188500
168500
158600
157700
157100
158700
160200
159900
156300
157600
155100
156800
159900
156000
165000
161000
159100
160700
157100
155600
159100
