100942300
28862500
28742900
17641000
23800800
24199700
19015700
17290600
19736700
9830900
9663800
9118700
9022200
8672900
8565500
10375300
8844400
9473100
8855400
9163700
9969000
12000500
11198400
8859600
7452800
7316800
7239100
7341800
11435900
15660100
15237500
7263300
7368000
8188300
8060900
7888500
10089400
7886700
8147400
7839300
13532200
14970000
12282600
10077000
12598200
10124700
10041000
10131200
8657000
7521000
6929100
7247100
9578300
9034600
10058400
10312100
10097800
10068400
10118600
10104000
20454200
26170400
25301500
15284000
14816100
12125200
12187300
12202600
12131200
12108800
15315400
12327300
12137400
12093800
12332400
12157200
12180500
12086500
12111500
15309100
12411100
12294400
12233300
12788200
12558300
12091500
12126900
12048000
12125100
15139200
12271400
12243800
12195200
12297200
12359100
12340900
10250900
8299700
10130700
15917400
