16889900
3910700
3430100
3987500
3422300
2857200
2609900
2407000
2234700
2163100
2174900
2256500
2268400
1997300
1909100
1867600
1837700
2027800
1878600
1710000
1874700
1696900
1551100
1523700
1464900
1447800
1445600
2372800
2379600
2190800
2270700
2083900
2025500
2092500
1835000
1425900
1264300
1231300
1812200
1189000
1092600
1054000
1041900
1031100
1061500
1034600
1043000
996900
989500
983300
1013700
1032900
914100
990300
651400
674400
558700
595700
554600
547800
583800
569400
591000
585700
591500
658700
607800
586700
621500
623600
543400
596900
558700
559600
561700
543700
558100
601000
585600
551900
567700
557400
564900
573400
577100
556900
568600
544400
543500
544900
543900
571500
956100
563900
543000
546500
545300
573100
538200
533800
522400
529100
523800
533000
521500
548000
538700
536700
546000
547800
532300
544000
557000
529300
540200
530700
713700
534000
531800
556500
503100
615700
538200
493700
500100
492300
526700
543400
507000
512300
491400
504000
3351300
613800
467600
482400
536400
515200
512300
507100
543700
487800
535300
450200
432600
435200
441800
434800
431000
429200
434800
431100
428600
433500
433300
431200
431200
430900
430400
443100
431900
435900
431500
442300
452800
433400
438300
442300
446700
504300
460200
469700
462700
503300
400800
355200
358900
363100
385800
371500
346300
342800
351700
369800
358900
367500
355100
348700
343700
344600
357700
353600
349800
343900
393400
367200
343200
345600
419500
1117900
476200
487400
422200
453300
421300
409200
463000
432500
413500
473500
411300
399700
398200
403200
403200
408800
399700
412400
508800
446800
425500
412900
392300
391600
392100
387900
456900
391800
396800
401400
418400
450400
395900
408300
379700
668400
705900
602800
664700
657800
649600
631700
594000
590700
540300
426300
431000
385700
412100
380200
391600
434100
408100
383300
371000
401200
412900
388500
368900
363200
358500
360200
409800
382200
381900
356000
533600
617000
639800
631500
514000
381800
377400
372000
361500
358000
381700
357100
392000
377900
370300
374600
357900
360000
363500
352800
373300
359200
354700
357300
361500
425800
357900
359900
360500
353000
358700
406000
357800
357800
354200
357800
407200
409300
403100
397600
397400
410300
412000
409100
409800
402100
407800
411000
411100
466200
410800
373800
370900
353500
331000
340100
409600
389900
358600
327400
314200
316100
307600
309700
309200
311200
320900
308800
306100
322000
331100
316400
306100
306200
310900
308700
332800
320800
313900
308100
318200
326300
371800
336400
327400
331200
333200
348000
336200
317800
314200
316600
358700
315700
315100
357900
400600
524000
408700
361700
347400
352500
330700
314100
304200
309200
335900
312400
333900
315500
318700
310600
317100
310400
329300
315700
334700
329000
482500
441700
359800
329000
308100
332800
330800
373100
329800
311600
328700
497000
365700
337200
313800
375600
385000
316500
322700
305000
307000
302300
326600
323000
307300
301900
303900
317900
319700
308600
305800
300300
301600
297400
1931600
320000
263800
256300
258100
248800
250300
255600
250100
250000
248400
252200
256400
250100
253200
245100
256200
255200
253900
246400
247600
247700
251100
243700
242000
251400
251300
245700
245100
250700
246700
244800
246000
244400
264400
253000
249000
247500
248400
245800
269200
246500
250300
242600
246600
242800
245800
304000
248400
261100
256800
246300
243800
257900
247100
248300
244800
244000
241700
244900
273000
262700
242700
245900
242300
244200
241600
254000
252900
245200
241300
261500
245900
262100
251700
256000
321400
326600
291300
273600
252500
248600
250900
271300
260500
247600
259000
240000
264100
238400
261400
253100
272600
248300
245400
260600
267200
238000
238200
236100
236700
244900
234000
235600
233200
230700
238000
271100
281600
421300
328500
264100
269500
257200
253200
235800
244200
369800
290200
261500
266200
319700
262900
250100
259400
233500
236100
232200
226300
228700
222800
225500
224900
227300
257800
231900
225300
228100
227300
225500
225400
221500
219600
224100
225000
239400
225100
222400
225100
222100
221100
234600
226000
221300
222800
220000
221400
222100
220800
229500
224000
226200
224800
220600
220600
225400
223600
219300
232400
224700
233400
219200
220500
220400
221500
218700
222800
223500
224800
220700
219100
219200
219600
221300
249200
227500
224400
225500
219400
226500
226100
247200
276700
278500
264800
274100
266800
265200
271500
272700
268200
260200
225200
226000
220600
219000
218600
220300
227000
224900
222700
222400
218500
218600
217700
217100
220900
218500
233400
227000
222500
220900
228800
221000
221100
220300
226000
227300
224200
222900
225400
224700
221500
222900
223100
227200
241000
225700
279700
201800
206200
207000
203400
205100
199500
199000
200500
201200
198800
199100
201300
232800
206100
202800
201000
201300
202800
200200
201500
272800
202800
197000
197300
209800
229600
207900
204200
200900
217500
203500
201800
198600
203100
199900
201600
237600
199100
203900
201700
201200
201500
200200
202700
199100
203200
214900
202000
200300
202400
200400
203500
198800
198200
207500
203100
229900
203000
199500
199100
200200
199800
198400
207000
205100
215500
216300
205000
199800
241400
310700
336400
316500
288500
291900
253400
255700
204100
204500
221800
279200
245600
247200
252000
253700
279800
247200
246200
382700
337700
252000
300100
260600
312600
261400
303300
346400
415700
327600
260900
276800
254400
263500
262800
266500
257600
245200
259900
262900
255500
258300
266100
263200
390300
367300
333600
298700
267800
260700
265900
260500
253900
252900
250100
388600
395300
366600
277900
262100
249000
266900
252000
248300
247900
270200
254500
268200
248000
251800
250300
244800
247200
249500
246300
244000
243700
243700
256500
246900
246400
245400
247500
244400
248900
245700
249300
242200
256100
277000
265100
237600
238000
238200
256800
275000
262400
242100
242700
238600
237300
239200
255900
249600
240400
237700
244200
239500
239700
238700
240300
250000
242500
241200
264100
240200
239900
241900
241600
240700
240600
243400
246000
238600
241300
242100
262100
245500
267300
259600
241000
241300
268900
252700
240800
237800
250700
264400
280900
247100
243100
240800
244000
249800
253200
260600
266100
248400
257700
257500
261100
258300
286700
251600
265800
258300
254900
260700
249900
249200
246200
239600
247900
241600
243000
242900
247700
243200
242100
239800
243500
239600
239600
239400
238700
239300
239200
291600
346700
352900
281900
237400
240700
240300
288900
246900
242700
247600
248200
240800
238600
240700
245000
240500
241400
291100
258200
250300
253000
242300
240900
239000
240800
249200
260700
240900
253600
254700
251300
253700
251600
251500
266100
247300
243900
257900
256600
259100
264100
248000
262900
250700
259500
262100
243000
239300
251700
267500
252300
269500
249200
256000
249000
240000
240700
249800
254900
249500
260100
301100
286800
286100
268800
248100
253400
257900
272800
271500
281500
254800
250700
248100
249400
251400
277200
250100
247900
249100
248500
253000
247600
246900
247100
269800
255000
249500
244200
244500
244800
247400
250700
249900
247100
248400
