21713400
8148500
5516700
4201800
3612900
1920100
1535500
2562700
2155400
2055600
1763000
1777600
1727600
1753700
1638100
1687900
1658100
1654400
1320600
1161000
1107600
3934600
1026600
806600
662900
700500
781200
850600
1172800
936300
855900
1065900
858300
712800
666200
807300
828000
641500
698900
638600
634500
710000
661300
624500
616300
671500
1115600
945300
958100
946000
944100
932200
962600
930900
912400
1025600
975700
961900
994700
938700
955100
3037100
676100
669700
654700
663400
659100
666900
575900
660600
663900
578800
669700
585200
578400
575100
579800
590900
561700
576300
611400
603800
607100
566600
735400
830900
740400
997700
443200
458600
434900
453000
446900
457100
418400
414000
455700
502900
474800
410400
