0.5436861515045166
0.5055632591247559
0.4925119876861572
0.4667987823486328
0.46019411087036133
0.4521799087524414
0.44771885871887207
0.4501152038574219
0.459805965423584
0.4696381092071533
0.5366787910461426
0.5024020671844482
0.4961071014404297
0.46349525451660156
0.4923090934753418
0.47060680389404297
0.5620148181915283
0.5336499214172363
0.6136579513549805
0.6479671001434326
0.5498428344726562
0.5228309631347656
0.5789811611175537
0.5196070671081543
0.512160062789917
0.5335550308227539
0.5174119472503662
0.6587848663330078
0.5039911270141602
0.498445987701416
0.4964630603790283
0.5013360977172852
0.4591689109802246
0.5078408718109131
0.45912814140319824
0.4639570713043213
0.7067501544952393
0.5913398265838623
0.5023219585418701
0.5012342929840088
0.5304520130157471
0.45978593826293945
0.6002860069274902
0.553563117980957
0.49200987815856934
0.4852488040924072
0.5041179656982422
0.46552395820617676
0.4513978958129883
0.4590487480163574
0.44880104064941406
0.5770430564880371
0.5023329257965088
0.5088241100311279
0.48822593688964844
0.5042340755462646
0.45496606826782227
0.49591708183288574
0.5096063613891602
0.5983879566192627
0.5927088260650635
0.5113122463226318
0.5515568256378174
0.5062251091003418
0.46187901496887207
0.4669630527496338
0.4547548294067383
0.4488091468811035
0.49465084075927734
0.45125699043273926
0.45792698860168457
0.4505438804626465
0.4496948719024658
0.4502229690551758
0.45447778701782227
0.4490170478820801
0.44922399520874023
0.46652913093566895
0.4563107490539551
0.5637388229370117
0.5241732597351074
0.5442690849304199
0.5168502330780029
0.5083019733428955
0.5026969909667969
0.46937012672424316
0.5023889541625977
0.4993751049041748
0.4995229244232178
0.4495658874511719
0.5045380592346191
0.5176091194152832
0.6266260147094727
0.6354250907897949
0.46147894859313965
0.4516572952270508
0.4472339153289795
0.4596710205078125
0.5010030269622803
0.469606876373291