0.1579272747039795
0.13811898231506348
0.1334390640258789
0.129957914352417
0.13462185859680176
0.136491060256958
0.1315171718597412
0.1303999423980713
0.13271498680114746
0.13826513290405273
0.13137412071228027
0.1312568187713623
0.12857699394226074
0.13282203674316406
0.12969183921813965
0.13132905960083008
0.12824797630310059
0.130540132522583
0.13834810256958008
0.12317085266113281
0.12990617752075195
0.13155508041381836
0.13487792015075684
0.1282820701599121
0.13102006912231445
0.13176178932189941
0.12544012069702148
0.1318378448486328
0.13095903396606445
0.15180182456970215
0.1362910270690918
0.1299610137939453
0.13177275657653809
0.13060402870178223
0.1296851634979248
0.16835784912109375
0.13291001319885254
0.13246726989746094
0.13447189331054688
0.13046693801879883
0.13098406791687012
0.1336231231689453
0.13033390045166016
0.13338494300842285
0.13156723976135254
0.13201498985290527
0.12637114524841309
0.13037800788879395
0.12498593330383301
0.13335609436035156
0.13045501708984375
0.12955594062805176
0.1326429843902588
0.13114309310913086
0.12970900535583496
0.13282203674316406
0.13147377967834473
0.13098978996276855
0.12981200218200684
0.13045001029968262
0.13463807106018066
0.1304781436920166
0.1282358169555664
0.12932205200195312
0.13054990768432617
0.13121700286865234
0.130767822265625
0.13117527961730957
0.12945294380187988
0.12923908233642578
0.12971901893615723
0.12880682945251465
0.13132381439208984
0.13161396980285645
0.1337730884552002
0.13227105140686035
0.13091683387756348
0.13256025314331055
0.12487316131591797
0.13090920448303223
0.129957914352417
0.12593579292297363
0.13398194313049316
0.1305069923400879
0.1303389072418213
0.13298606872558594
0.1321561336517334
0.1302018165588379
0.1300668716430664
0.13035297393798828
0.13071608543395996
0.12923002243041992
0.12998199462890625
0.1251218318939209
0.12996625900268555
0.1326451301574707
0.13353395462036133
0.12734413146972656
0.1336042881011963
0.13120317459106445